Time;Type;Volume;Symbol;Price;Time;Price;Commission;Swap;Profit
2022.08.15 14:20:37;Sell;0.04;EURUSD;1.02073;2022.08.15 18:06:34;1.01843;;;9.2
2022.08.11 17:00:01;Sell;0.24;EURUSD;1.03585;2022.08.12 17:05:58;1.02568;;0.24;244.08
2022.08.10 18:00:00;Sell;0.22;EURUSD;1.03542;2022.08.12 17:05:58;1.02568;;0.88;214.28
2022.08.10 16:00:00;Sell;0.2;EURUSD;1.03234;2022.08.12 17:05:58;1.02568;;0.8;133.2
2022.08.10 15:00:00;Sell;0.18;EURUSD;1.02579;2022.08.12 17:05:58;1.02568;;0.72;1.98
2022.08.09 12:00:00;Sell;0.16;EURUSD;1.02386;2022.08.12 17:05:58;1.02568;;0.8;-29.12
2022.08.08 18:00:00;Sell;0.14;EURUSD;1.02161;2022.08.12 17:05:58;1.02568;;0.84;-56.98
2022.08.08 11:00:00;Sell;0.12;EURUSD;1.0207600000000001;2022.08.12 17:05:58;1.02568;;0.72;-59.04
2022.08.08 07:00:00;Sell;0.1;EURUSD;1.01849;2022.08.12 17:05:58;1.02568;;0.6;-71.9
2022.08.08 06:00:00;Sell;0.08;EURUSD;1.01795;2022.08.12 17:05:58;1.02568;;0.48;-61.84
2022.08.08 05:00:00;Sell;0.06;EURUSD;1.01749;2022.08.12 17:05:58;1.02568;;0.36;-49.14
2022.08.08 04:18:50;Sell;0.04;EURUSD;1.01698;2022.08.12 17:05:58;1.02568;;0.24;-34.8
2022.08.05 17:00:01;Sell;0.06;EURUSD;1.01748;2022.08.05 18:23:04;1.01583;;;9.9
2022.08.05 16:53:14;Sell;0.04;EURUSD;1.01711;2022.08.05 18:23:04;1.01583;;;5.12
2022.08.04 22:00:00;Sell;0.17;EURUSD;1.02479;2022.08.05 15:30:14;1.0199;;0.17;83.13
2022.08.04 20:00:00;Sell;0.15;EURUSD;1.02352;2022.08.05 15:30:14;1.0199;;0.15;54.3
2022.08.04 19:00:00;Sell;0.13;EURUSD;1.02214;2022.08.05 15:30:14;1.0199;;0.13;29.12
2022.08.04 18:00:00;Sell;0.11;EURUSD;1.02109;2022.08.05 15:30:14;1.0199;;0.11;13.09
2022.08.04 12:00:01;Sell;0.09;EURUSD;1.01909;2022.08.05 15:30:14;1.0199;;0.09;-7.29
2022.08.04 11:00:00;Sell;0.07;EURUSD;1.01782;2022.08.05 15:30:14;1.0199;;0.07;-14.56
2022.08.03 22:00:00;Sell;0.05;EURUSD;1.01539;2022.08.05 15:30:14;1.0199;;0.2;-22.55
2022.08.03 19:05:14;Sell;0.03;EURUSD;1.01489;2022.08.05 15:30:14;1.0199;;0.12;-15.03
2022.08.03 18:00:01;Buy;0.26;EURUSD;1.0131000000000001;2022.08.04 17:53:55;1.02051;;-5.85;192.66
2022.08.03 03:00:00;Buy;0.24;EURUSD;1.01589;2022.08.04 17:53:55;1.02051;;-5.4;110.88
2022.08.03 01:00:00;Buy;0.22;EURUSD;1.01658;2022.08.04 17:53:55;1.02051;;-4.95;86.46
2022.08.02 19:00:03;Buy;0.2;EURUSD;1.01954;2022.08.04 17:53:55;1.02051;;-6;19.4
2022.08.02 18:00:00;Buy;0.18;EURUSD;1.02006;2022.08.04 17:53:55;1.02051;;-5.4;8.1
2022.08.02 17:00:00;Buy;0.16;EURUSD;1.02079;2022.08.04 17:53:55;1.02051;;-4.8;-4.48
2022.08.02 16:00:00;Buy;0.14;EURUSD;1.02135;2022.08.04 17:53:55;1.02051;;-4.2;-11.76
2022.08.02 15:00:41;Buy;0.12;EURUSD;1.02225;2022.08.04 17:53:55;1.02051;;-3.6;-20.88
2022.08.02 11:00:00;Buy;0.1;EURUSD;1.02263;2022.08.04 17:53:55;1.02051;;-3;-21.2
2022.08.02 10:00:00;Buy;0.08;EURUSD;1.02427;2022.08.04 17:53:55;1.02051;;-2.4;-30.08
2022.08.02 09:00:47;Buy;0.06;EURUSD;1.02631;2022.08.04 17:53:55;1.02051;;-1.8;-34.8
2022.08.02 04:13:34;Buy;0.04;EURUSD;1.02673;2022.08.04 17:53:55;1.02051;;-1.2;-24.88
2022.08.03 12:00:00;Sell;0.07;EURUSD;1.01868;2022.08.03 17:00:00;1.01658;;;14.7
2022.08.03 11:00:00;Sell;0.05;EURUSD;1.01777;2022.08.03 17:00:00;1.01658;;;5.95
2022.08.03 10:13:51;Sell;0.03;EURUSD;1.01718;2022.08.03 17:00:00;1.01658;;;1.8
2022.08.03 07:00:01;Sell;0.07;EURUSD;1.01905;2022.08.03 09:41:01;1.0168;;;15.75
2022.08.03 06:00:02;Sell;0.05;EURUSD;1.018;2022.08.03 09:41:01;1.0168;;;6
2022.08.03 01:14:44;Sell;0.03;EURUSD;1.01705;2022.08.03 09:41:01;1.0168;;;0.75
2022.08.01 17:00:02;Buy;0.04;EURUSD;1.02357;2022.08.01 17:00:26;1.02587;;;9.2
2022.07.29 13:00:00;Buy;0.08;EURUSD;1.02037;2022.07.29 13:40:26;1.02272;;;18.8
2022.07.29 12:00:11;Buy;0.06;EURUSD;1.02163;2022.07.29 13:40:26;1.02272;;;6.54
2022.07.29 10:45:00;Buy;0.04;EURUSD;1.0223;2022.07.29 13:40:26;1.02272;;;1.6800000000000002
2022.07.28 16:00:01;Sell;0.06;EURUSD;1.01635;2022.07.28 16:47:52;1.01405;;;13.8
2022.07.28 15:30:06;Sell;0.04;EURUSD;1.01435;2022.07.28 16:47:52;1.01405;;;1.2
2022.07.28 15:00:00;Buy;0.12;EURUSD;1.01193;2022.07.28 15:56:02;1.01683;;;58.8
2022.07.28 14:00:01;Buy;0.1;EURUSD;1.01359;2022.07.28 15:56:02;1.01683;;;32.4
2022.07.28 13:00:00;Buy;0.08;EURUSD;1.01545;2022.07.28 15:56:02;1.01683;;;11.04
2022.07.28 11:00:43;Buy;0.06;EURUSD;1.02091;2022.07.28 15:56:02;1.01683;;;-24.48
2022.07.28 09:48:02;Buy;0.04;EURUSD;1.02125;2022.07.28 15:56:02;1.01683;;;-17.68
2022.07.27 21:00:01;Sell;0.06;EURUSD;1.01293;2022.07.27 21:32:48;1.01103;;;11.4
2022.07.27 20:11:42;Sell;0.04;EURUSD;1.01192;2022.07.27 21:32:48;1.01103;;;3.56
2022.07.27 18:12:54;Sell;0.04;EURUSD;1.01271;2022.07.27 19:19:49;1.01041;;;9.2
2022.07.27 14:00:34;Sell;0.14;EURUSD;1.0154;2022.07.27 16:53:06;1.01289;;;35.14
2022.07.27 08:00:02;Sell;0.12;EURUSD;1.015;2022.07.27 16:53:06;1.01289;;;25.32
2022.07.27 05:00:01;Sell;0.1;EURUSD;1.01442;2022.07.27 16:53:06;1.01289;;;15.3
2022.07.27 04:00:00;Sell;0.08;EURUSD;1.01394;2022.07.27 16:53:06;1.01289;;;8.4
2022.07.27 02:00:00;Sell;0.06;EURUSD;1.01285;2022.07.27 16:53:06;1.01289;;;-0.24
2022.07.27 00:11:27;Sell;0.04;EURUSD;1.0122;2022.07.27 16:53:06;1.01289;;;-2.76
2022.07.19 14:00:00;Sell;0.29;EURUSD;1.02627;2022.07.26 15:15:12;1.01216;;2.03;409.19
2022.07.19 12:00:00;Sell;0.27;EURUSD;1.02434;2022.07.26 15:15:12;1.01216;;1.8900000000000001;328.86
2022.07.18 13:00:01;Sell;0.25;EURUSD;1.01552;2022.07.26 15:15:12;1.01216;;2;84
2022.07.18 11:00:00;Sell;0.23;EURUSD;1.01449;2022.07.26 15:15:12;1.01216;;1.8399999999999999;53.59
2022.07.18 05:00:00;Sell;0.21;EURUSD;1.01073;2022.07.26 15:15:12;1.01216;;1.6800000000000002;-30.03
2022.07.18 03:00:00;Sell;0.19;EURUSD;1.00968;2022.07.26 15:15:12;1.01216;;1.52;-47.12
2022.07.15 19:00:00;Sell;0.17;EURUSD;1.00892;2022.07.26 15:15:12;1.01216;;1.53;-55.08
2022.07.15 18:00:00;Sell;0.15;EURUSD;1.00801;2022.07.26 15:15:12;1.01216;;1.35;-62.25
2022.07.15 16:00:00;Sell;0.13;EURUSD;1.00713;2022.07.26 15:15:12;1.01216;;1.17;-65.39
2022.07.15 14:00:00;Sell;0.11;EURUSD;1.00579;2022.07.26 15:15:12;1.01216;;0.99;-70.07
2022.07.15 13:00:00;Sell;0.09;EURUSD;1.00432;2022.07.26 15:15:12;1.01216;;0.81;-70.56
2022.07.15 12:00:50;Sell;0.07;EURUSD;1.00314;2022.07.26 15:15:12;1.01216;;0.63;-63.14
2022.07.15 11:00:00;Sell;0.05;EURUSD;1.00275;2022.07.26 15:15:12;1.01216;;0.45;-47.05
2022.07.15 10:25:38;Sell;0.03;EURUSD;1.00216;2022.07.26 15:15:12;1.01216;;0.27;-30
2022.07.15 06:00:01;Sell;0.09;EURUSD;1.00365;2022.07.15 09:45:43;1.00112;;;22.77
2022.07.14 22:00:00;Sell;0.07;EURUSD;1.00287;2022.07.15 09:45:43;1.00112;;0.07;12.25
2022.07.14 21:00:02;Sell;0.05;EURUSD;1.00141;2022.07.15 09:45:43;1.00112;;0.05;1.45
2022.07.14 20:19:48;Sell;0.03;EURUSD;1.00095;2022.07.15 09:45:43;1.00112;;0.03;-0.51
2022.07.14 15:31:19;Sell;0.03;EURUSD;1.00138;2022.07.14 16:24:13;0.99908;;;6.9
2022.07.14 07:00:20;Sell;0.05;EURUSD;1.00331;2022.07.14 08:45:23;1.00165;;;8.3
2022.07.14 06:04:05;Sell;0.03;EURUSD;1.00289;2022.07.14 08:45:23;1.00165;;;3.7199999999999998
2022.07.13 15:00:00;Sell;0.07;EURUSD;1.00674;2022.07.13 15:30:02;1.00459;;;15.05
2022.07.13 14:00:00;Sell;0.05;EURUSD;1.00603;2022.07.13 15:30:02;1.00459;;;7.2
2022.07.13 11:31:49;Sell;0.03;EURUSD;1.00469;2022.07.13 15:30:02;1.00459;;;0.3
2022.07.13 10:00:52;Sell;0.09;EURUSD;1.00508;2022.07.13 10:17:20;1.00312;;;17.64
2022.07.13 09:00:10;Sell;0.07;EURUSD;1.00484;2022.07.13 10:17:20;1.00312;;;12.04
2022.07.13 06:00:56;Sell;0.05;EURUSD;1.00406;2022.07.13 10:17:20;1.00312;;;4.7
2022.07.13 01:00:04;Sell;0.03;EURUSD;1.00366;2022.07.13 10:17:20;1.00312;;;1.62
2022.07.12 19:00:00;Sell;0.05;EURUSD;1.00679;2022.07.12 21:52:18;1.00498;;;9.05
2022.07.12 17:44:51;Sell;0.03;EURUSD;1.00597;2022.07.12 21:52:18;1.00498;;;2.9699999999999998
2022.07.12 16:00:00;Sell;0.05;EURUSD;1.00529;2022.07.12 16:51:48;1.0035;;;8.95
2022.07.12 14:18:51;Sell;0.03;EURUSD;1.00451;2022.07.12 16:51:48;1.0035;;;3.03
2022.07.11 13:42:28;Sell;0.03;EURUSD;1.01127;2022.07.11 14:47:48;1.00897;;;6.9
2022.07.08 18:04:29;Sell;0.03;EURUSD;1.0184;2022.07.08 19:30:20;1.0161;;;6.9
2022.07.08 16:26:27;Sell;0.03;EURUSD;1.0168;2022.07.08 16:50:29;1.0145;;;6.9
2022.07.08 14:47:56;Sell;0.03;EURUSD;1.01527;2022.07.08 15:30:26;1.01297;;;6.9
2022.07.08 10:00:03;Sell;0.07;EURUSD;1.01635;2022.07.08 10:17:10;1.0145;;;12.95
2022.07.08 09:00:00;Sell;0.05;EURUSD;1.01587;2022.07.08 10:17:10;1.0145;;;6.85
2022.07.08 08:56:56;Sell;0.03;EURUSD;1.01539;2022.07.08 10:17:10;1.0145;;;2.67
2022.07.08 04:00:00;Sell;0.09;EURUSD;1.01861;2022.07.08 06:03:56;1.01585;;;24.84
2022.07.08 03:00:01;Sell;0.07;EURUSD;1.01694;2022.07.08 06:03:56;1.01585;;;7.63
2022.07.07 23:00:00;Sell;0.05;EURUSD;1.01645;2022.07.08 06:03:56;1.01585;;0.05;3
2022.07.07 21:03:35;Sell;0.03;EURUSD;1.01599;2022.07.08 06:03:56;1.01585;;0.03;0.42
2022.07.06 10:00:00;Sell;0.05;EURUSD;1.02683;2022.07.06 11:41:44;1.0247;;;10.65
2022.07.06 09:13:10;Sell;0.03;EURUSD;1.02514;2022.07.06 11:41:44;1.0247;;;1.32
2022.07.05 21:29:37;Sell;0.03;EURUSD;1.0264199999999999;2022.07.06 07:53:48;1.02412;;0.03;6.9
2022.07.04 14:00:00;Sell;0.17;EURUSD;1.04512;2022.07.05 10:09:14;1.04169;;0.17;58.31
2022.07.04 13:00:00;Sell;0.15;EURUSD;1.04413;2022.07.05 10:09:14;1.04169;;0.15;36.6
2022.07.04 02:00:01;Sell;0.13;EURUSD;1.04347;2022.07.05 10:09:14;1.04169;;0.13;23.14
2022.07.01 23:00:00;Sell;0.11;EURUSD;1.04282;2022.07.05 10:09:14;1.04169;;0.22;12.43
2022.07.01 22:00:00;Sell;0.09;EURUSD;1.0423;2022.07.05 10:09:14;1.04169;;0.18;5.49
2022.07.01 21:00:08;Sell;0.07;EURUSD;1.04107;2022.07.05 10:09:14;1.04169;;0.14;-4.34
2022.07.01 19:00:00;Sell;0.05;EURUSD;1.04067;2022.07.05 10:09:14;1.04169;;0.1;-5.1
2022.07.01 17:54:28;Sell;0.03;EURUSD;1.03955;2022.07.05 10:09:14;1.04169;;0.06;-6.42
2022.07.01 12:00:35;Sell;0.05;EURUSD;1.04669;2022.07.01 13:59:43;1.04501;;;8.4
2022.07.01 12:00:30;Sell;0.03;EURUSD;1.04621;2022.07.01 13:59:43;1.04501;;;3.6
2022.06.30 20:00:00;Sell;0.11;EURUSD;1.0482;2022.07.01 10:15:04;1.04409;;0.11;45.21
2022.06.30 19:00:00;Sell;0.09;EURUSD;1.04681;2022.07.01 10:15:04;1.04409;;0.09;24.48
2022.06.30 18:00:00;Sell;0.07;EURUSD;1.04503;2022.07.01 10:15:04;1.04409;;0.07;6.58
2022.06.30 17:00:00;Sell;0.05;EURUSD;1.04162;2022.07.01 10:15:04;1.04409;;0.05;-12.35
2022.06.30 15:26:56;Sell;0.03;EURUSD;1.04034;2022.07.01 10:15:04;1.04409;;0.03;-11.25
2022.06.30 11:38:20;Sell;0.03;EURUSD;1.04557;2022.06.30 12:15:03;1.04327;;;6.9
2022.06.29 15:00:41;Sell;0.09;EURUSD;1.05237;2022.06.29 16:26:52;1.05019;;;19.62
2022.06.29 14:00:00;Sell;0.07;EURUSD;1.05199;2022.06.29 16:26:52;1.05019;;;12.6
2022.06.29 10:00:10;Sell;0.05;EURUSD;1.05122;2022.06.29 16:26:52;1.05019;;;5.15
2022.06.29 10:00:02;Sell;0.03;EURUSD;1.04976;2022.06.29 16:26:52;1.05019;;;-1.29
2022.06.28 19:09:08;Sell;0.03;EURUSD;1.05392;2022.06.29 07:31:03;1.05162;;0.03;6.9
2022.06.28 09:00:00;Buy;0.09;EURUSD;1.05727;2022.06.28 09:29:22;1.0593;;;18.27
2022.06.28 04:00:00;Buy;0.07;EURUSD;1.0577;2022.06.28 09:29:22;1.0593;;;11.2
2022.06.27 22:00:16;Buy;0.05;EURUSD;1.05833;2022.06.28 09:29:22;1.0593;;-0.38;4.85
2022.06.27 20:02:36;Buy;0.03;EURUSD;1.05877;2022.06.28 09:29:22;1.0593;;-0.23;1.5899999999999999
2022.06.24 13:00:00;Sell;0.15;EURUSD;1.05524;2022.06.24 14:48:52;1.05232;;;43.8
2022.06.24 12:00:00;Sell;0.13;EURUSD;1.05433;2022.06.24 14:48:52;1.05232;;;26.13
2022.06.24 08:00:00;Sell;0.11;EURUSD;1.05393;2022.06.24 14:48:52;1.05232;;;17.71
2022.06.24 06:00:00;Sell;0.09;EURUSD;1.05339;2022.06.24 14:48:52;1.05232;;;9.63
2022.06.23 23:00:00;Sell;0.07;EURUSD;1.05263;2022.06.24 14:48:52;1.05232;;0.07;2.17
2022.06.23 22:00:01;Sell;0.05;EURUSD;1.05192;2022.06.24 14:48:52;1.05232;;0.05;-2
2022.06.23 20:06:28;Sell;0.03;EURUSD;1.05138;2022.06.24 14:48:52;1.05232;;0.03;-2.82
2022.06.23 12:00:00;Buy;0.07;EURUSD;1.04945;2022.06.23 16:45:26;1.05251;;;21.42
2022.06.23 11:00:00;Buy;0.05;EURUSD;1.05086;2022.06.23 16:45:26;1.05251;;;8.25
2022.06.23 10:15:13;Buy;0.03;EURUSD;1.05491;2022.06.23 16:45:26;1.05251;;;-7.2
2022.06.23 12:59:28;Sell;0.03;EURUSD;1.05171;2022.06.23 15:14:50;1.04941;;;6.9
2022.06.22 09:00:00;Buy;0.11;EURUSD;1.04892;2022.06.22 12:19:39;1.05165;;;30.03
2022.06.22 08:00:00;Buy;0.09;EURUSD;1.04975;2022.06.22 12:19:39;1.05165;;;17.1
2022.06.22 05:00:00;Buy;0.07;EURUSD;1.05084;2022.06.22 12:19:39;1.05165;;;5.67
2022.06.22 04:00:00;Buy;0.05;EURUSD;1.05136;2022.06.22 12:19:39;1.05165;;;1.45
2022.06.21 21:49:27;Buy;0.03;EURUSD;1.0522;2022.06.22 12:19:39;1.05165;;-0.23;-1.65
2022.06.17 18:00:00;Buy;0.07;EURUSD;1.04596;2022.06.17 20:42:01;1.04884;;;20.16
2022.06.17 17:00:11;Buy;0.05;EURUSD;1.04841;2022.06.17 20:42:01;1.04884;;;2.15
2022.06.17 14:58:29;Buy;0.03;EURUSD;1.0488;2022.06.17 20:42:01;1.04884;;;0.12
2022.06.16 21:00:00;Sell;0.13;EURUSD;1.05835;2022.06.17 09:02:08;1.05165;;0.13;87.1
2022.06.16 20:00:00;Sell;0.11;EURUSD;1.05591;2022.06.17 09:02:08;1.05165;;0.11;46.86
2022.06.16 19:00:00;Sell;0.09;EURUSD;1.05285;2022.06.17 09:02:08;1.05165;;0.09;10.8
2022.06.16 18:00:00;Sell;0.07;EURUSD;1.04933;2022.06.17 09:02:08;1.05165;;0.07;-16.24
2022.06.16 17:00:00;Sell;0.05;EURUSD;1.04489;2022.06.17 09:02:08;1.05165;;0.05;-33.8
2022.06.16 16:02:53;Sell;0.03;EURUSD;1.04411;2022.06.17 09:02:08;1.05165;;0.03;-22.62
2022.06.16 12:00:00;Sell;0.05;EURUSD;1.04087;2022.06.16 14:49:37;1.03916;;;8.55
2022.06.16 11:48:33;Sell;0.03;EURUSD;1.04032;2022.06.16 14:49:37;1.03916;;;3.48
2022.06.16 03:00:00;Sell;0.09;EURUSD;1.04576;2022.06.16 08:39:20;1.04279;;;26.73
2022.06.15 23:00:00;Sell;0.07;EURUSD;1.04531;2022.06.16 08:39:20;1.04279;;0.21;17.64
2022.06.15 22:00:00;Sell;0.05;EURUSD;1.04209;2022.06.16 08:39:20;1.04279;;0.15;-3.5
2022.06.15 21:38:10;Sell;0.03;EURUSD;1.0411299999999999;2022.06.16 08:39:20;1.04279;;0.09;-4.98
2022.06.15 21:00:00;Sell;0.05;EURUSD;1.04012;2022.06.15 21:04:11;1.03829;;;9.15
2022.06.15 20:11:57;Sell;0.03;EURUSD;1.03923;2022.06.15 21:04:11;1.03829;;;2.82
2022.06.15 17:00:00;Sell;0.05;EURUSD;1.04255;2022.06.15 18:01:49;1.04088;;;8.35
2022.06.15 16:48:00;Sell;0.03;EURUSD;1.04209;2022.06.15 18:01:49;1.04088;;;3.63
2022.06.15 12:00:00;Sell;0.17;EURUSD;1.04931;2022.06.15 15:08:18;1.04447;;;82.28
2022.06.15 10:00:00;Sell;0.15;EURUSD;1.04727;2022.06.15 15:08:18;1.04447;;;42
2022.06.15 09:00:00;Sell;0.13;EURUSD;1.04621;2022.06.15 15:08:18;1.04447;;;22.62
2022.06.15 06:00:00;Sell;0.11;EURUSD;1.04445;2022.06.15 15:08:18;1.04447;;;-0.22
2022.06.15 05:00:01;Sell;0.09;EURUSD;1.04405;2022.06.15 15:08:18;1.04447;;;-3.7800000000000002
2022.06.15 03:00:00;Sell;0.07;EURUSD;1.04364;2022.06.15 15:08:18;1.04447;;;-5.8100000000000005
2022.06.15 02:00:00;Sell;0.05;EURUSD;1.04268;2022.06.15 15:08:18;1.04447;;;-8.95
2022.06.15 00:34:05;Sell;0.03;EURUSD;1.0417399999999999;2022.06.15 15:08:18;1.04447;;;-8.19
2022.06.14 20:09:01;Sell;0.03;EURUSD;1.04331;2022.06.14 22:00:34;1.04101;;;6.9
2022.06.14 16:00:16;Sell;0.07;EURUSD;1.0449;2022.06.14 17:10:03;1.0431;;;12.6
2022.06.14 15:00:02;Sell;0.05;EURUSD;1.04452;2022.06.14 17:10:03;1.0431;;;7.1
2022.06.14 14:04:44;Sell;0.03;EURUSD;1.04405;2022.06.14 17:10:03;1.0431;;;2.85
2022.06.14 10:45:52;Sell;0.03;EURUSD;1.0472;2022.06.14 12:27:35;1.0449;;;6.9
2022.06.13 11:28:43;Sell;0.03;EURUSD;1.04827;2022.06.13 13:03:49;1.04597;;;6.9
2022.06.13 03:29:07;Sell;0.03;EURUSD;1.04943;2022.06.13 09:59:41;1.04713;;;6.9
2022.06.13 01:28:38;Sell;0.03;EURUSD;1.05163;2022.06.13 02:48:26;1.04933;;;6.9
2022.06.10 17:53:39;Sell;0.03;EURUSD;1.05301;2022.06.13 01:03:05;1.05071;;0.03;6.9
2022.06.10 15:29:17;Sell;0.03;EURUSD;1.05846;2022.06.10 15:30:07;1.05616;;;6.9
2022.06.10 07:00:00;Sell;0.05;EURUSD;1.06335;2022.06.10 11:18:31;1.06168;;;8.35
2022.06.10 05:27:23;Sell;0.03;EURUSD;1.06289;2022.06.10 11:18:31;1.06168;;;3.63
2022.06.07 18:00:00;Sell;0.07;EURUSD;1.07042;2022.06.08 12:04:00;1.06757;;0.07;19.95
2022.06.07 17:00:00;Sell;0.05;EURUSD;1.06872;2022.06.08 12:04:00;1.06757;;0.05;5.75
2022.06.07 16:28:35;Sell;0.03;EURUSD;1.06652;2022.06.08 12:04:00;1.06757;;0.03;-3.15
2022.06.07 07:29:40;Sell;0.03;EURUSD;1.06883;2022.06.07 14:53:59;1.06653;;;6.9
2022.06.03 04:00:00;Sell;0.25;EURUSD;1.07587;2022.06.06 17:20:28;1.07043;;0.25;136
2022.06.02 23:00:00;Sell;0.23;EURUSD;1.07478;2022.06.06 17:20:28;1.07043;;0.46;100.05
2022.06.02 20:00:00;Sell;0.21;EURUSD;1.07435;2022.06.06 17:20:28;1.07043;;0.42;82.32
2022.06.02 19:00:00;Sell;0.19;EURUSD;1.07313;2022.06.06 17:20:28;1.07043;;0.38;51.3
2022.06.02 18:00:00;Sell;0.17;EURUSD;1.07145;2022.06.06 17:20:28;1.07043;;0.34;17.34
2022.06.02 16:00:00;Sell;0.15;EURUSD;1.07022;2022.06.06 17:20:28;1.07043;;0.3;-3.15
2022.06.02 14:00:00;Sell;0.13;EURUSD;1.06949;2022.06.06 17:20:28;1.07043;;0.26;-12.22
2022.06.02 11:00:00;Sell;0.11;EURUSD;1.06861;2022.06.06 17:20:28;1.07043;;0.22;-20.02
2022.06.02 10:00:00;Sell;0.09;EURUSD;1.06753;2022.06.06 17:20:28;1.07043;;0.18;-26.1
2022.06.02 08:00:08;Sell;0.07;EURUSD;1.06582;2022.06.06 17:20:28;1.07043;;0.14;-32.27
2022.06.01 22:00:00;Sell;0.05;EURUSD;1.06541;2022.06.06 17:20:28;1.07043;;0.25;-25.1
2022.06.01 20:52:09;Sell;0.03;EURUSD;1.06503;2022.06.06 17:20:28;1.07043;;0.15;-16.2
2022.06.01 13:00:02;Sell;0.07;EURUSD;1.07261;2022.06.01 14:54:55;1.07078;;;12.81
2022.06.01 10:00:00;Sell;0.05;EURUSD;1.0722;2022.06.01 14:54:55;1.07078;;;7.1
2022.06.01 05:34:05;Sell;0.03;EURUSD;1.07166;2022.06.01 14:54:55;1.07078;;;2.64
2022.05.31 21:00:00;Sell;0.07;EURUSD;1.07372;2022.06.01 04:33:48;1.0715;;0.07;15.54
2022.05.31 19:00:00;Sell;0.05;EURUSD;1.07304;2022.06.01 04:33:48;1.0715;;0.05;7.7
2022.05.31 16:50:38;Sell;0.03;EURUSD;1.07123;2022.06.01 04:33:48;1.0715;;0.03;-0.81
2022.05.27 18:00:00;Buy;0.05;EURUSD;1.07121;2022.05.27 21:56:47;1.07291;;;8.5
2022.05.27 17:57:57;Buy;0.03;EURUSD;1.07175;2022.05.27 21:56:47;1.07291;;;3.48
2022.05.25 16:00:00;Buy;0.09;EURUSD;1.06521;2022.05.25 17:21:45;1.06751;;;20.7
2022.05.25 15:00:00;Buy;0.07;EURUSD;1.0661;2022.05.25 17:21:45;1.06751;;;9.87
2022.05.25 14:00:00;Buy;0.05;EURUSD;1.06661;2022.05.25 17:21:45;1.06751;;;4.5
2022.05.25 11:04:44;Buy;0.03;EURUSD;1.0671599999999999;2022.05.25 17:21:45;1.06751;;;1.05
2022.05.17 21:01:37;Buy;0.03;EURUSD;1.0539;2022.05.18 03:07:37;1.0562;;-0.23;6.9
2022.05.13 22:00:51;Sell;0.05;EURUSD;1.04068;2022.05.16 06:21:46;1.03903;;0.05;8.25
2022.05.13 21:49:47;Sell;0.03;EURUSD;1.04029;2022.05.16 06:21:46;1.03903;;0.03;3.7800000000000002
2022.05.12 06:19:05;Sell;0.03;EURUSD;1.05207;2022.05.12 09:02:24;1.04977;;;6.9
2022.05.11 21:43:51;Sell;0.03;EURUSD;1.05346;2022.05.11 23:16:45;1.05116;;;6.9
2022.05.11 17:00:00;Sell;0.05;EURUSD;1.05591;2022.05.11 18:57:45;1.05366;;;11.25
2022.05.11 16:06:46;Sell;0.03;EURUSD;1.0539;2022.05.11 18:57:45;1.05366;;;0.72
2022.05.10 07:00:00;Sell;0.09;EURUSD;1.05779;2022.05.10 12:50:07;1.05514;;;23.85
2022.05.09 20:00:00;Sell;0.07;EURUSD;1.05719;2022.05.10 12:50:07;1.05514;;0.07;14.35
2022.05.09 19:00:00;Sell;0.05;EURUSD;1.05562;2022.05.10 12:50:07;1.05514;;0.05;2.4
2022.05.09 18:39:13;Sell;0.03;EURUSD;1.05358;2022.05.10 12:50:07;1.05514;;0.03;-4.68
2022.05.09 16:00:00;Sell;0.09;EURUSD;1.05616;2022.05.09 17:11:42;1.05286;;;29.7
2022.05.09 14:00:00;Sell;0.07;EURUSD;1.05442;2022.05.09 17:11:42;1.05286;;;10.92
2022.05.09 13:00:00;Sell;0.05;EURUSD;1.05271;2022.05.09 17:11:42;1.05286;;;-0.75
2022.05.09 07:29:33;Sell;0.03;EURUSD;1.05156;2022.05.09 17:11:42;1.05286;;;-3.9
2022.05.06 14:00:00;Sell;0.11;EURUSD;1.05878;2022.05.06 21:39:04;1.05456;;;46.42
2022.05.06 13:00:00;Sell;0.09;EURUSD;1.05689;2022.05.06 21:39:04;1.05456;;;20.97
2022.05.06 12:00:00;Sell;0.07;EURUSD;1.05567;2022.05.06 21:39:04;1.05456;;;7.77
2022.05.06 11:00:00;Sell;0.05;EURUSD;1.0520100000000001;2022.05.06 21:39:04;1.05456;;;-12.75
2022.05.06 10:54:01;Sell;0.03;EURUSD;1.05129;2022.05.06 21:39:04;1.05456;;;-9.81
2022.05.06 05:54:53;Sell;0.03;EURUSD;1.0531;2022.05.06 09:53:17;1.0508;;;6.9
2022.05.05 23:00:00;Sell;0.07;EURUSD;1.05494;2022.05.06 04:48:14;1.05181;;0.07;21.91
2022.05.05 22:00:29;Sell;0.05;EURUSD;1.05205;2022.05.06 04:48:14;1.05181;;0.05;1.2
2022.05.05 20:02:17;Sell;0.03;EURUSD;1.0516;2022.05.06 04:48:14;1.05181;;0.03;-0.63
2022.05.05 19:00:00;Buy;0.05;EURUSD;1.05075;2022.05.05 22:19:31;1.05326;;;12.55
2022.05.05 17:47:31;Buy;0.03;EURUSD;1.05344;2022.05.05 22:19:31;1.05326;;;-0.54
2022.05.04 21:31:10;Buy;0.03;EURUSD;1.05358;2022.05.04 21:43:29;1.05588;;;6.9
2022.05.03 21:00:00;Sell;0.05;EURUSD;1.05286;2022.05.04 09:00:49;1.05111;;0.05;8.75
2022.05.03 20:05:52;Sell;0.03;EURUSD;1.05218;2022.05.04 09:00:49;1.05111;;0.03;3.21
2022.05.03 17:00:00;Sell;0.05;EURUSD;1.05554;2022.05.03 19:07:13;1.05278;;;13.8
2022.05.03 13:18:00;Sell;0.03;EURUSD;1.05219;2022.05.03 19:07:13;1.05278;;;-1.77
2022.05.03 11:00:05;Sell;0.05;EURUSD;1.05198;2022.05.03 11:42:22;1.0503;;;8.4
2022.05.03 10:24:29;Sell;0.03;EURUSD;1.05151;2022.05.03 11:42:22;1.0503;;;3.63
2022.05.03 04:00:00;Sell;0.07;EURUSD;1.05242;2022.05.03 08:49:25;1.0500099999999999;;;16.87
2022.05.03 02:00:00;Sell;0.05;EURUSD;1.05097;2022.05.03 08:49:25;1.0500099999999999;;;4.8
2022.05.02 22:19:27;Sell;0.03;EURUSD;1.05029;2022.05.03 08:49:25;1.0500099999999999;;0.03;0.84
2022.05.02 19:25:18;Sell;0.03;EURUSD;1.05239;2022.05.02 20:47:26;1.05009;;;6.9
2022.04.29 13:00:00;Sell;0.09;EURUSD;1.05771;2022.04.29 14:42:16;1.05526;;;22.05
2022.04.29 12:00:00;Sell;0.07;EURUSD;1.05683;2022.04.29 14:42:16;1.05526;;;10.99
2022.04.29 11:00:00;Sell;0.05;EURUSD;1.05609;2022.04.29 14:42:16;1.05526;;;4.15
2022.04.29 10:13:08;Sell;0.03;EURUSD;1.05489;2022.04.29 14:42:16;1.05526;;;-1.11
2022.04.28 11:00:00;Sell;0.07;EURUSD;1.05543;2022.04.28 11:56:18;1.05209;;;23.38
2022.04.28 10:00:00;Sell;0.05;EURUSD;1.0523;2022.04.28 11:56:18;1.05209;;;1.05
2022.04.28 08:49:39;Sell;0.03;EURUSD;1.05144;2022.04.28 11:56:18;1.05209;;;-1.95
2022.04.26 13:38:58;Sell;0.03;EURUSD;1.06918;2022.04.26 16:18:28;1.06688;;;6.9
2022.04.26 09:00:35;Sell;0.07;EURUSD;1.07338;2022.04.26 09:26:43;1.0713300000000001;;;14.35
2022.04.26 04:00:00;Sell;0.05;EURUSD;1.07291;2022.04.26 09:26:43;1.0713300000000001;;;7.9
2022.04.25 19:11:09;Sell;0.03;EURUSD;1.07139;2022.04.26 09:26:43;1.0713300000000001;;0.03;0.18
2022.04.25 17:11:38;Sell;0.03;EURUSD;1.07276;2022.04.25 17:52:08;1.07046;;;6.9
2022.04.25 15:00:00;Sell;0.05;EURUSD;1.07486;2022.04.25 16:17:49;1.07276;;;10.5
2022.04.25 14:22:58;Sell;0.03;EURUSD;1.07326;2022.04.25 16:17:49;1.07276;;;1.5
2022.04.25 11:00:54;Sell;0.03;EURUSD;1.07458;2022.04.25 13:57:47;1.07228;;;6.9
2022.04.25 03:00:02;Sell;0.09;EURUSD;1.08095;2022.04.25 04:47:52;1.07869;;;20.34
2022.04.25 01:00:00;Sell;0.07;EURUSD;1.08052;2022.04.25 04:47:52;1.07869;;;12.81
2022.04.22 23:00:00;Sell;0.05;EURUSD;1.07919;2022.04.25 04:47:52;1.07869;;0.05;2.5
2022.04.22 20:33:16;Sell;0.03;EURUSD;1.07878;2022.04.25 04:47:52;1.07869;;0.03;0.27
2022.04.22 15:00:00;Sell;0.06;EURUSD;1.08206;2022.04.22 17:23:29;1.0801;;;11.76
2022.04.22 14:00:00;Sell;0.04;EURUSD;1.08148;2022.04.22 17:23:29;1.0801;;;5.52
2022.04.22 12:17:48;Sell;0.02;EURUSD;1.08048;2022.04.22 17:23:29;1.0801;;;0.76
2022.04.22 12:00:00;Buy;0.15;EURUSD;1.07987;2022.04.22 16:07:22;1.08367;;;57
2022.04.22 11:00:00;Buy;0.13;EURUSD;1.08076;2022.04.22 16:07:22;1.08367;;;37.83
2022.04.22 10:00:00;Buy;0.11;EURUSD;1.08275;2022.04.22 16:07:22;1.08367;;;10.12
2022.04.22 01:00:16;Buy;0.09;EURUSD;1.08353;2022.04.22 16:07:22;1.08367;;;1.26
2022.04.21 19:00:13;Buy;0.07;EURUSD;1.08401;2022.04.22 16:07:22;1.08367;;-0.53;-2.38
2022.04.21 18:00:00;Buy;0.05;EURUSD;1.08439;2022.04.22 16:07:22;1.08367;;-0.38;-3.6
2022.04.21 17:48:59;Buy;0.03;EURUSD;1.08549;2022.04.22 16:07:22;1.08367;;-0.23;-5.46
2022.04.20 14:00:00;Sell;0.12;EURUSD;1.08574;2022.04.20 15:33:48;1.08245;;;39.48
2022.04.20 13:00:00;Sell;0.1;EURUSD;1.08534;2022.04.20 15:33:48;1.08245;;;28.9
2022.04.20 12:00:00;Sell;0.08;EURUSD;1.08389;2022.04.20 15:33:48;1.08245;;;11.52
2022.04.20 07:00:00;Sell;0.06;EURUSD;1.08182;2022.04.20 15:33:48;1.08245;;;-3.7800000000000002
2022.04.20 06:00:00;Sell;0.04;EURUSD;1.08069;2022.04.20 15:33:48;1.08245;;;-7.04
2022.04.19 19:29:52;Sell;0.02;EURUSD;1.07943;2022.04.20 15:33:48;1.08245;;0.02;-6.04
2022.04.19 17:00:00;Sell;0.04;EURUSD;1.08052;2022.04.19 17:34:10;1.07876;;;7.04
2022.04.19 16:30:51;Sell;0.02;EURUSD;1.07974;2022.04.19 17:34:10;1.07876;;;1.96
2022.04.19 12:00:00;Sell;0.06;EURUSD;1.08102;2022.04.19 13:46:21;1.07878;;;13.44
2022.04.19 11:00:00;Sell;0.04;EURUSD;1.08014;2022.04.19 13:46:21;1.07878;;;5.44
2022.04.19 03:06:08;Sell;0.02;EURUSD;1.07835;2022.04.19 13:46:21;1.07878;;;-0.86
2022.04.18 15:00:00;Sell;0.06;EURUSD;1.08086;2022.04.18 18:26:49;1.07879;;;12.42
2022.04.18 14:00:00;Sell;0.04;EURUSD;1.07999;2022.04.18 18:26:49;1.07879;;;4.8
2022.04.18 11:37:14;Sell;0.02;EURUSD;1.07915;2022.04.18 18:26:49;1.07879;;;0.72
2022.04.18 05:00:25;Sell;0.04;EURUSD;1.08066;2022.04.18 07:35:03;1.07903;;;6.52
2022.04.18 04:14:03;Sell;0.02;EURUSD;1.08028;2022.04.18 07:35:03;1.07903;;;2.5
2022.04.18 02:00:00;Sell;0.04;EURUSD;1.08191;2022.04.18 03:40:43;1.08026;;;6.6
2022.04.15 04:51:04;Sell;0.02;EURUSD;1.08146;2022.04.18 03:40:43;1.08026;;0.02;2.4
2022.04.14 22:00:00;Sell;0.04;EURUSD;1.08296;2022.04.15 03:54:57;1.0812599999999999;;0.04;6.8
2022.04.14 20:36:47;Sell;0.02;EURUSD;1.08235;2022.04.15 03:54:57;1.0812599999999999;;0.02;2.18
2022.04.14 15:00:00;Buy;0.04;EURUSD;1.0866500000000001;2022.04.14 15:39:45;1.08895;;;9.2
2022.04.14 14:46:06;Buy;0.02;EURUSD;1.08906;2022.04.14 15:39:45;1.08895;;;-0.22
2022.04.14 10:00:00;Sell;0.2;EURUSD;1.09183;2022.04.14 14:47:50;1.08817;;;73.2
2022.04.14 08:00:00;Sell;0.18;EURUSD;1.09116;2022.04.14 14:47:50;1.08817;;;53.82
2022.04.14 05:00:00;Sell;0.16;EURUSD;1.09055;2022.04.14 14:47:50;1.08817;;;38.08
2022.04.14 03:00:00;Sell;0.14;EURUSD;1.08952;2022.04.14 14:47:50;1.08817;;;18.9
2022.04.14 01:00:02;Sell;0.12;EURUSD;1.08894;2022.04.14 14:47:50;1.08817;;;9.24
2022.04.13 22:00:01;Sell;0.1;EURUSD;1.08852;2022.04.14 14:47:50;1.08817;;0.3;3.5
2022.04.13 20:00:00;Sell;0.08;EURUSD;1.08811;2022.04.14 14:47:50;1.08817;;0.24;-0.48
2022.04.13 19:00:00;Sell;0.06;EURUSD;1.08711;2022.04.14 14:47:50;1.08817;;0.18;-6.36
2022.04.13 18:00:00;Sell;0.04;EURUSD;1.08468;2022.04.14 14:47:50;1.08817;;0.12;-13.96
2022.04.13 16:41:30;Sell;0.02;EURUSD;1.08251;2022.04.14 14:47:50;1.08817;;0.06;-11.32
2022.04.13 12:58:49;Sell;0.02;EURUSD;1.08335;2022.04.13 16:32:36;1.08105;;;4.6
2022.04.13 09:00:00;Sell;0.06;EURUSD;1.08425;2022.04.13 09:54:22;1.08228;;;11.82
2022.04.13 06:00:00;Sell;0.04;EURUSD;1.08345;2022.04.13 09:54:22;1.08228;;;4.68
2022.04.12 21:59:18;Sell;0.02;EURUSD;1.08301;2022.04.13 09:54:22;1.08228;;0.02;1.46
2022.04.12 19:17:46;Sell;0.02;EURUSD;1.08632;2022.04.12 19:36:03;1.08402;;;4.6
2022.04.12 16:00:00;Sell;0.04;EURUSD;1.08936;2022.04.12 18:11:19;1.08693;;;9.72
2022.04.12 15:30:12;Sell;0.02;EURUSD;1.08658;2022.04.12 18:11:19;1.08693;;;-0.7
2022.04.12 13:00:00;Sell;0.04;EURUSD;1.0873;2022.04.12 14:37:09;1.08562;;;6.72
2022.04.12 10:37:10;Sell;0.02;EURUSD;1.0867499999999999;2022.04.12 14:37:09;1.08562;;;2.26
2022.04.11 00:00:00;Sell;0.08;EURUSD;1.09192;2022.04.11 05:52:23;1.08768;;;33.92
2022.04.08 22:00:00;Sell;0.06;EURUSD;1.08835;2022.04.11 05:52:23;1.08768;;0.06;4.02
2022.04.08 18:00:00;Sell;0.04;EURUSD;1.08713;2022.04.11 05:52:23;1.08768;;0.04;-2.2
2022.04.08 17:12:49;Sell;0.02;EURUSD;1.08477;2022.04.11 05:52:23;1.08768;;0.02;-5.82
2022.04.08 15:37:51;Sell;0.02;EURUSD;1.08649;2022.04.08 16:21:28;1.08419;;;4.6
2022.04.08 14:00:00;Sell;0.04;EURUSD;1.08862;2022.04.08 14:27:42;1.08653;;;8.36
2022.04.08 03:33:48;Sell;0.02;EURUSD;1.08686;2022.04.08 14:27:42;1.08653;;;0.66
2022.04.07 16:00:08;Sell;0.06;EURUSD;1.09143;2022.04.07 19:04:08;1.08954;;;11.34
2022.04.07 15:00:00;Sell;0.04;EURUSD;1.09105;2022.04.07 19:04:08;1.08954;;;6.04
2022.04.07 14:08:13;Sell;0.02;EURUSD;1.08983;2022.04.07 19:04:08;1.08954;;;0.58
2022.04.07 09:00:00;Sell;0.06;EURUSD;1.09176;2022.04.07 10:29:06;1.08973;;;12.18
2022.04.07 04:00:00;Sell;0.04;EURUSD;1.09112;2022.04.07 10:29:06;1.08973;;;5.5600000000000005
2022.04.07 01:05:21;Sell;0.02;EURUSD;1.08986;2022.04.07 10:29:06;1.08973;;;0.26
2022.04.06 21:02:21;Sell;0.02;EURUSD;1.09134;2022.04.06 21:10:05;1.08904;;;4.6
2022.04.06 16:00:00;Sell;0.06;EURUSD;1.09327;2022.04.06 17:15:11;1.09074;;;15.18
2022.04.06 12:00:00;Sell;0.04;EURUSD;1.09225;2022.04.06 17:15:11;1.09074;;;6.04
2022.04.06 10:02:45;Sell;0.02;EURUSD;1.0891;2022.04.06 17:15:11;1.09074;;;-3.2800000000000002
2022.04.06 05:43:53;Sell;0.02;EURUSD;1.08998;2022.04.06 09:09:56;1.08768;;;4.6
2022.04.05 16:34:59;Sell;0.02;EURUSD;1.09697;2022.04.05 17:19:32;1.09467;;;4.6
2022.04.05 11:00:00;Sell;0.06;EURUSD;1.09809;2022.04.05 13:36:00;1.09622;;;11.22
2022.04.05 10:00:00;Sell;0.04;EURUSD;1.09747;2022.04.05 13:36:00;1.09622;;;5
2022.04.05 08:34:20;Sell;0.02;EURUSD;1.09708;2022.04.05 13:36:00;1.09622;;;1.72
2022.04.04 17:58:07;Sell;0.02;EURUSD;1.09961;2022.04.04 20:01:40;1.09731;;;4.6
2022.04.01 17:02:00;Sell;0.02;EURUSD;1.10474;2022.04.04 11:06:01;1.10244;;0.02;4.6
2022.04.01 13:59:07;Sell;0.02;EURUSD;1.10641;2022.04.01 15:31:37;1.10411;;;4.6
2022.04.01 08:43:18;Sell;0.02;EURUSD;1.10726;2022.04.01 10:24:59;1.10496;;;4.6
2022.03.31 17:00:39;Buy;0.12;EURUSD;1.10904;2022.03.31 17:57:57;1.11248;;;41.28
2022.03.31 14:00:00;Buy;0.1;EURUSD;1.10943;2022.03.31 17:57:57;1.11248;;;30.5
2022.03.31 13:00:00;Buy;0.08;EURUSD;1.11127;2022.03.31 17:57:57;1.11248;;;9.68
2022.03.31 12:00:00;Buy;0.06;EURUSD;1.11305;2022.03.31 17:57:57;1.11248;;;-3.42
2022.03.31 11:00:59;Buy;0.04;EURUSD;1.11486;2022.03.31 17:57:57;1.11248;;;-9.52
2022.03.31 09:36:12;Buy;0.02;EURUSD;1.11527;2022.03.31 17:57:57;1.11248;;;-5.58
2022.03.30 13:00:44;Buy;0.04;EURUSD;1.11253;2022.03.30 14:41:23;1.11427;;;6.96
2022.03.30 13:00:21;Buy;0.02;EURUSD;1.11326;2022.03.30 14:41:23;1.11427;;;2.02
2022.03.29 03:00:00;Sell;0.04;EURUSD;1.09918;2022.03.29 03:52:49;1.09753;;;6.6
2022.03.29 01:02:04;Sell;0.02;EURUSD;1.09873;2022.03.29 03:52:49;1.09753;;;2.4
2022.03.28 20:00:20;Sell;0.04;EURUSD;1.09943;2022.03.28 22:39:20;1.0977999999999999;;;6.52
2022.03.28 19:38:57;Sell;0.02;EURUSD;1.09904;2022.03.28 22:39:20;1.0977999999999999;;;2.48
2022.03.25 04:00:00;Sell;0.1;EURUSD;1.10318;2022.03.25 15:20:57;1.09976;;;34.2
2022.03.25 02:00:00;Sell;0.08;EURUSD;1.10078;2022.03.25 15:20:57;1.09976;;;8.16
2022.03.24 23:00:12;Sell;0.06;EURUSD;1.10036;2022.03.25 15:20:57;1.09976;;0.06;3.6
2022.03.24 21:00:00;Sell;0.04;EURUSD;1.09976;2022.03.25 15:20:57;1.09976;;0.04;0
2022.03.24 19:33:36;Sell;0.02;EURUSD;1.09926;2022.03.25 15:20:57;1.09976;;0.02;-1
2022.03.24 18:00:00;Sell;0.06;EURUSD;1.10053;2022.03.24 19:08:05;1.09836;;;13.02
2022.03.24 17:00:00;Sell;0.04;EURUSD;1.09945;2022.03.24 19:08:05;1.09836;;;4.36
2022.03.24 08:56:59;Sell;0.02;EURUSD;1.09868;2022.03.24 19:08:05;1.09836;;;0.64
2022.03.23 20:00:00;Sell;0.06;EURUSD;1.10051;2022.03.24 03:27:38;1.09837;;0.18;12.84
2022.03.23 18:00:00;Sell;0.04;EURUSD;1.10008;2022.03.24 03:27:38;1.09837;;0.12;6.84
2022.03.23 16:06:46;Sell;0.02;EURUSD;1.0975;2022.03.24 03:27:38;1.09837;;0.06;-1.74
2022.03.22 16:00:00;Sell;0.06;EURUSD;1.1041;2022.03.23 10:28:18;1.10113;;0.06;17.82
2022.03.22 15:00:00;Sell;0.04;EURUSD;1.10149;2022.03.23 10:28:18;1.10113;;0.04;1.44
2022.03.22 10:37:37;Sell;0.02;EURUSD;1.10049;2022.03.23 10:28:18;1.10113;;0.02;-1.28
2022.03.22 00:17:09;Sell;0.02;EURUSD;1.10234;2022.03.22 02:40:19;1.10004;;;4.6
2022.03.21 18:00:52;Sell;0.06;EURUSD;1.10484;2022.03.21 18:30:16;1.10306;;;10.68
2022.03.21 17:01:00;Sell;0.04;EURUSD;1.10443;2022.03.21 18:30:16;1.10306;;;5.48
2022.03.21 14:03:19;Sell;0.02;EURUSD;1.104;2022.03.21 18:30:16;1.10306;;;1.88
2022.03.17 12:01:36;Buy;0.02;EURUSD;1.10315;2022.03.17 13:09:23;1.10545;;;4.6
2022.03.16 20:00:00;Buy;0.06;EURUSD;1.09692;2022.03.16 20:03:12;1.09992;;;18
2022.03.16 18:00:00;Buy;0.04;EURUSD;1.0993;2022.03.16 20:03:12;1.09992;;;2.48
2022.03.16 16:41:15;Buy;0.02;EURUSD;1.10114;2022.03.16 20:03:12;1.09992;;;-2.44
2022.03.16 17:00:00;Sell;0.18;EURUSD;1.1017;2022.03.16 20:00:00;1.09778;;;70.56
2022.03.16 14:00:00;Sell;0.16;EURUSD;1.10119;2022.03.16 20:00:00;1.09778;;;54.56
2022.03.16 13:00:00;Sell;0.14;EURUSD;1.09983;2022.03.16 20:00:00;1.09778;;;28.7
2022.03.16 11:00:00;Sell;0.12;EURUSD;1.09899;2022.03.16 20:00:00;1.09778;;;14.52
2022.03.16 08:00:00;Sell;0.1;EURUSD;1.09768;2022.03.16 20:00:00;1.09778;;;-1
2022.03.16 05:00:00;Sell;0.08;EURUSD;1.09705;2022.03.16 20:00:00;1.09778;;;-5.84
2022.03.16 01:00:00;Sell;0.06;EURUSD;1.0964;2022.03.16 20:00:00;1.09778;;;-8.28
2022.03.15 22:00:00;Sell;0.04;EURUSD;1.09517;2022.03.16 20:00:00;1.09778;;0.04;-10.44
2022.03.15 20:51:36;Sell;0.02;EURUSD;1.094;2022.03.16 20:00:00;1.09778;;0.02;-7.5600000000000005
2022.03.15 10:00:00;Sell;0.14;EURUSD;1.10035;2022.03.15 18:10:19;1.0963;;;56.7
2022.03.15 07:00:00;Sell;0.12;EURUSD;1.09819;2022.03.15 18:10:19;1.0963;;;22.68
2022.03.15 06:00:00;Sell;0.1;EURUSD;1.09768;2022.03.15 18:10:19;1.0963;;;13.8
2022.03.15 05:00:00;Sell;0.08;EURUSD;1.09706;2022.03.15 18:10:19;1.0963;;;6.08
2022.03.15 04:00:00;Sell;0.06;EURUSD;1.09534;2022.03.15 18:10:19;1.0963;;;-5.76
2022.03.15 03:00:00;Sell;0.04;EURUSD;1.09496;2022.03.15 18:10:19;1.0963;;;-5.36
2022.03.14 23:10:34;Sell;0.02;EURUSD;1.09413;2022.03.15 18:10:19;1.0963;;0.02;-4.34
2022.03.14 18:00:00;Sell;0.06;EURUSD;1.09782;2022.03.14 21:34:34;1.09545;;;14.22
2022.03.14 17:00:00;Sell;0.04;EURUSD;1.09643;2022.03.14 21:34:34;1.09545;;;3.92
2022.03.14 16:06:36;Sell;0.02;EURUSD;1.09539;2022.03.14 21:34:34;1.09545;;;-0.12
2022.03.14 14:33:47;Sell;0.02;EURUSD;1.09619;2022.03.14 15:51:33;1.09389;;;4.6
2022.03.14 12:00:00;Sell;0.06;EURUSD;1.09815;2022.03.14 13:26:24;1.09508;;;18.42
2022.03.14 11:00:00;Sell;0.04;EURUSD;1.0955300000000001;2022.03.14 13:26:24;1.09508;;;1.8
2022.03.14 10:08:16;Sell;0.02;EURUSD;1.09399;2022.03.14 13:26:24;1.09508;;;-2.18
2022.03.14 02:00:00;Sell;0.06;EURUSD;1.09316;2022.03.14 04:22:54;1.09123;;;11.58
2022.03.14 01:00:00;Sell;0.04;EURUSD;1.09273;2022.03.14 04:22:54;1.09123;;;6
2022.03.11 23:14:30;Sell;0.02;EURUSD;1.09145;2022.03.14 04:22:54;1.09123;;0.02;0.44
2022.03.10 23:00:00;Buy;0.12;EURUSD;1.09783;2022.03.11 01:54:54;1.10091;;-0.9;36.96
2022.03.10 21:00:00;Buy;0.1;EURUSD;1.09874;2022.03.11 01:54:54;1.10091;;-0.75;21.7
2022.03.10 20:00:00;Buy;0.08;EURUSD;1.09916;2022.03.11 01:54:54;1.10091;;-0.6;14
2022.03.10 19:00:00;Buy;0.06;EURUSD;1.10078;2022.03.11 01:54:54;1.10091;;-0.45;0.78
2022.03.10 17:00:00;Buy;0.04;EURUSD;1.10157;2022.03.11 01:54:54;1.10091;;-0.3;-2.64
2022.03.10 16:10:16;Buy;0.02;EURUSD;1.10476;2022.03.11 01:54:54;1.10091;;-0.15;-7.7
2022.03.10 11:00:00;Buy;0.06;EURUSD;1.10336;2022.03.10 11:00:19;1.1060699999999999;;;16.26
2022.03.10 03:00:00;Buy;0.04;EURUSD;1.10547;2022.03.10 11:00:19;1.1060699999999999;;;2.4
2022.03.09 22:49:36;Buy;0.02;EURUSD;1.10638;2022.03.10 11:00:19;1.1060699999999999;;-0.45;-0.62
2022.03.09 13:28:34;Buy;0.02;EURUSD;1.09482;2022.03.09 14:00:06;1.09712;;;4.6
2022.03.08 15:00:00;Sell;0.06;EURUSD;1.09044;2022.03.08 15:12:23;1.0884800000000001;;;11.76
2022.03.08 13:00:00;Sell;0.04;EURUSD;1.08984;2022.03.08 15:12:23;1.0884800000000001;;;5.44
2022.03.08 12:53:11;Sell;0.02;EURUSD;1.08885;2022.03.08 15:12:23;1.0884800000000001;;;0.74
2022.03.08 11:00:00;Sell;0.04;EURUSD;1.08959;2022.03.08 11:20:45;1.08712;;;9.88
2022.03.08 09:28:51;Sell;0.02;EURUSD;1.08667;2022.03.08 11:20:45;1.08712;;;-0.9
2022.03.08 04:00:00;Sell;0.04;EURUSD;1.08747;2022.03.08 07:46:12;1.08573;;;6.96
2022.03.08 03:25:58;Sell;0.02;EURUSD;1.08676;2022.03.08 07:46:12;1.08573;;;2.06
2022.03.07 21:00:07;Sell;0.04;EURUSD;1.08788;2022.03.07 21:32:21;1.08612;;;7.04
2022.03.07 18:46:14;Sell;0.02;EURUSD;1.08711;2022.03.07 21:32:21;1.08612;;;1.98
2022.03.07 16:00:00;Sell;0.08;EURUSD;1.08964;2022.03.07 17:26:24;1.08659;;;24.4
2022.03.07 15:00:00;Sell;0.06;EURUSD;1.08881;2022.03.07 17:26:24;1.08659;;;13.32
2022.03.07 14:00:00;Sell;0.04;EURUSD;1.08584;2022.03.07 17:26:24;1.08659;;;-3
2022.03.07 13:23:07;Sell;0.02;EURUSD;1.0842;2022.03.07 17:26:24;1.08659;;;-4.78
2022.03.07 07:00:00;Sell;0.06;EURUSD;1.08783;2022.03.07 10:53:26;1.08572;;;12.66
2022.03.07 06:00:00;Sell;0.04;EURUSD;1.08701;2022.03.07 10:53:26;1.08572;;;5.16
2022.03.07 05:24:07;Sell;0.02;EURUSD;1.08582;2022.03.07 10:53:26;1.08572;;;0.2
2022.03.04 23:00:00;Sell;0.04;EURUSD;1.09332;2022.03.07 01:00:00;1.09167;;0.04;6.6
2022.03.04 22:57:34;Sell;0.02;EURUSD;1.09288;2022.03.07 01:00:00;1.09167;;0.02;2.42
2022.03.04 21:00:04;Sell;0.06;EURUSD;1.09336;2022.03.04 21:58:39;1.0913599999999999;;;12
2022.03.04 20:00:00;Sell;0.04;EURUSD;1.09251;2022.03.04 21:58:39;1.0913599999999999;;;4.6
2022.03.04 17:53:47;Sell;0.02;EURUSD;1.09204;2022.03.04 21:58:39;1.0913599999999999;;;1.3599999999999999
2022.03.04 15:30:12;Sell;0.02;EURUSD;1.09415;2022.03.04 15:36:56;1.09185;;;4.6
2022.03.04 11:02:39;Sell;0.02;EURUSD;1.10167;2022.03.04 13:11:59;1.09937;;;4.6
2022.03.04 04:00:00;Sell;0.04;EURUSD;1.10479;2022.03.04 05:06:25;1.10257;;;8.88
2022.03.04 03:48:47;Sell;0.02;EURUSD;1.10262;2022.03.04 05:06:25;1.10257;;;0.1
2022.03.03 19:34:04;Sell;0.02;EURUSD;1.1066;2022.03.04 02:16:34;1.1043;;0.02;4.6
2022.03.03 14:17:09;Sell;0.02;EURUSD;1.10913;2022.03.03 15:49:51;1.10683;;;4.6
2022.03.03 04:32:16;Sell;0.02;EURUSD;1.11046;2022.03.03 11:20:25;1.10816;;;4.6
2022.03.02 21:08:20;Sell;0.02;EURUSD;1.11317;2022.03.03 02:26:11;1.11087;;0.06;4.6
2022.03.02 19:00:00;Sell;0.03;EURUSD;1.1102;2022.03.02 19:26:02;1.10823;;;5.91
2022.03.02 18:07:27;Sell;0.01;EURUSD;1.10832;2022.03.02 19:26:02;1.10823;;;0.09
2022.03.02 18:00:00;Buy;0.24;EURUSD;1.1069;2022.03.02 18:32:37;1.11305;;;147.6
2022.03.02 11:00:00;Buy;0.22;EURUSD;1.10862;2022.03.02 18:32:37;1.11305;;;97.46
2022.03.02 10:00:00;Buy;0.2;EURUSD;1.10948;2022.03.02 18:32:37;1.11305;;;71.4
2022.03.02 09:00:00;Buy;0.18;EURUSD;1.10983;2022.03.02 18:32:37;1.11305;;;57.96
2022.03.01 19:00:00;Buy;0.16;EURUSD;1.11042;2022.03.02 18:32:37;1.11305;;-1.2;42.08
2022.03.01 18:00:00;Buy;0.14;EURUSD;1.11411;2022.03.02 18:32:37;1.11305;;-1.05;-14.84
2022.03.01 17:00:00;Buy;0.12;EURUSD;1.11525;2022.03.02 18:32:37;1.11305;;-0.9;-26.4
2022.03.01 15:00:00;Buy;0.1;EURUSD;1.11622;2022.03.02 18:32:37;1.11305;;-0.75;-31.7
2022.03.01 14:00:00;Buy;0.08;EURUSD;1.11764;2022.03.02 18:32:37;1.11305;;-0.6;-36.72
2022.03.01 13:00:00;Buy;0.06;EURUSD;1.1182;2022.03.02 18:32:37;1.11305;;-0.45;-30.9
2022.03.01 12:00:00;Buy;0.04;EURUSD;1.1197;2022.03.02 18:32:37;1.11305;;-0.3;-26.6
2022.03.01 11:36:21;Buy;0.02;EURUSD;1.12063;2022.03.02 18:32:37;1.11305;;-0.15;-15.16
2022.03.02 15:00:00;Sell;0.05;EURUSD;1.11158;2022.03.02 15:40:42;1.10909;;;12.45
2022.03.02 13:00:00;Sell;0.03;EURUSD;1.10974;2022.03.02 15:40:42;1.10909;;;1.95
2022.03.02 11:30:38;Sell;0.01;EURUSD;1.10822;2022.03.02 15:40:42;1.10909;;;-0.87
2022.03.01 23:00:11;Sell;0.04;EURUSD;1.1131199999999999;2022.03.02 04:25:14;1.1114600000000001;;0.04;6.64
2022.03.01 21:31:05;Sell;0.02;EURUSD;1.11265;2022.03.02 04:25:14;1.1114600000000001;;0.02;2.38
2022.03.01 12:47:53;Sell;0.02;EURUSD;1.1179999999999999;2022.03.01 14:54:39;1.1157;;;4.6
2022.02.28 13:00:00;Sell;0.08;EURUSD;1.12279;2022.02.28 15:27:41;1.11804;;;38
2022.02.28 10:00:00;Sell;0.06;EURUSD;1.11898;2022.02.28 15:27:41;1.11804;;;5.64
2022.02.28 09:00:04;Sell;0.04;EURUSD;1.11587;2022.02.28 15:27:41;1.11804;;;-8.68
2022.02.28 07:52:48;Sell;0.02;EURUSD;1.11551;2022.02.28 15:27:41;1.11804;;;-5.06
2022.02.25 23:00:15;Sell;0.16;EURUSD;1.12668;2022.02.28 00:00:00;1.12325;;0.16;54.88
2022.02.25 22:00:00;Sell;0.14;EURUSD;1.12626;2022.02.28 00:00:00;1.12325;;0.14;42.14
2022.02.25 19:00:00;Sell;0.12;EURUSD;1.12584;2022.02.28 00:00:00;1.12325;;0.12;31.08
2022.02.25 18:00:00;Sell;0.1;EURUSD;1.12443;2022.02.28 00:00:00;1.12325;;0.1;11.8
2022.02.25 16:00:00;Sell;0.08;EURUSD;1.1236;2022.02.28 00:00:00;1.12325;;0.08;2.8
2022.02.25 15:00:00;Sell;0.06;EURUSD;1.12212;2022.02.28 00:00:00;1.12325;;0.06;-6.78
2022.02.25 14:00:58;Sell;0.04;EURUSD;1.11872;2022.02.28 00:00:00;1.12325;;0.04;-18.12
2022.02.25 11:56:20;Sell;0.02;EURUSD;1.1183;2022.02.28 00:00:00;1.12325;;0.02;-9.9
2022.02.25 08:00:00;Sell;0.14;EURUSD;1.12249;2022.02.25 10:11:00;1.11929;;;44.8
2022.02.25 07:00:00;Sell;0.12;EURUSD;1.12207;2022.02.25 10:11:00;1.11929;;;33.36
2022.02.25 05:00:00;Sell;0.1;EURUSD;1.12129;2022.02.25 10:11:00;1.11929;;;20
2022.02.24 23:00:00;Sell;0.08;EURUSD;1.11996;2022.02.25 10:11:00;1.11929;;0.08;5.36
2022.02.24 21:00:00;Sell;0.06;EURUSD;1.11894;2022.02.25 10:11:00;1.11929;;0.06;-2.1
2022.02.24 20:00:00;Sell;0.04;EURUSD;1.1166;2022.02.25 10:11:00;1.11929;;0.04;-10.76
2022.02.24 19:28:28;Sell;0.02;EURUSD;1.11583;2022.02.25 10:11:00;1.11929;;0.02;-6.92
2022.02.24 15:33:28;Sell;0.02;EURUSD;1.11761;2022.02.24 16:16:06;1.11531;;;4.6
2022.02.24 06:57:10;Sell;0.02;EURUSD;1.1244399999999999;2022.02.24 11:50:29;1.12214;;;4.6
2022.02.24 04:00:15;Sell;0.04;EURUSD;1.12933;2022.02.24 04:51:04;1.12769;;;6.5600000000000005
2022.02.24 03:50:42;Sell;0.02;EURUSD;1.1289;2022.02.24 04:51:04;1.12769;;;2.42
2022.02.22 22:01:00;Sell;0.04;EURUSD;1.13366;2022.02.23 09:01:45;1.13201;;0.04;6.6
2022.02.22 21:33:16;Sell;0.02;EURUSD;1.1332200000000001;2022.02.23 09:01:45;1.13201;;0.02;2.42
2022.02.22 06:00:00;Buy;0.17;EURUSD;1.12934;2022.02.22 11:10:53;1.13304;;;62.9
2022.02.22 04:00:17;Buy;0.15;EURUSD;1.13037;2022.02.22 11:10:53;1.13304;;;40.05
2022.02.22 01:00:00;Buy;0.13;EURUSD;1.13083;2022.02.22 11:10:53;1.13304;;;28.73
2022.02.21 21:00:00;Buy;0.11;EURUSD;1.13183;2022.02.22 11:10:53;1.13304;;-0.83;13.31
2022.02.21 16:00:00;Buy;0.09;EURUSD;1.13306;2022.02.22 11:10:53;1.13304;;-0.68;-0.18
2022.02.21 15:00:00;Buy;0.07;EURUSD;1.1335;2022.02.22 11:10:53;1.13304;;-0.53;-3.22
2022.02.21 14:00:00;Buy;0.05;EURUSD;1.13481;2022.02.22 11:10:53;1.13304;;-0.38;-8.85
2022.02.21 11:00:00;Buy;0.03;EURUSD;1.13574;2022.02.22 11:10:53;1.13304;;-0.23;-8.1
2022.02.21 10:35:20;Buy;0.01;EURUSD;1.13646;2022.02.22 11:10:53;1.13304;;-0.08;-3.42
2022.02.21 21:47:23;Sell;0.01;EURUSD;1.13182;2022.02.22 05:37:27;1.12952;;0.01;2.3
2022.02.21 19:00:01;Sell;0.04;EURUSD;1.13457;2022.02.21 20:07:23;1.13287;;;6.8
2022.02.21 16:16:42;Sell;0.02;EURUSD;1.13396;2022.02.21 20:07:23;1.13287;;;2.18
2022.02.21 14:34:10;Sell;0.02;EURUSD;1.13496;2022.02.21 15:57:23;1.13266;;;4.6
2022.02.21 10:00:00;Sell;0.14;EURUSD;1.13728;2022.02.21 14:04:30;1.13457;;;37.94
2022.02.21 09:00:00;Sell;0.12;EURUSD;1.13682;2022.02.21 14:04:30;1.13457;;;27
2022.02.21 07:00:00;Sell;0.1;EURUSD;1.13615;2022.02.21 14:04:30;1.13457;;;15.8
2022.02.21 05:00:32;Sell;0.08;EURUSD;1.13571;2022.02.21 14:04:30;1.13457;;;9.12
2022.02.21 04:00:00;Sell;0.06;EURUSD;1.13527;2022.02.21 14:04:30;1.13457;;;4.2
2022.02.21 03:00:00;Sell;0.04;EURUSD;1.13317;2022.02.21 14:04:30;1.13457;;;-5.6
2022.02.21 02:53:25;Sell;0.02;EURUSD;1.13235;2022.02.21 14:04:30;1.13457;;;-4.44
2022.02.18 16:58:26;Sell;0.02;EURUSD;1.135;2022.02.18 18:04:55;1.1327;;;4.6
2022.02.17 11:00:00;Buy;0.04;EURUSD;1.13589;2022.02.17 13:14:30;1.13768;;;7.16
2022.02.17 10:27:20;Buy;0.02;EURUSD;1.13677;2022.02.17 13:14:30;1.13768;;;1.8199999999999998
2022.02.17 06:00:00;Buy;0.03;EURUSD;1.1335899999999999;2022.02.17 06:13:15;1.1360000000000001;;;7.23
2022.02.17 05:54:34;Buy;0.01;EURUSD;1.13721;2022.02.17 06:13:15;1.1360000000000001;;;-1.21
2022.02.16 11:00:01;Sell;0.17;EURUSD;1.13891;2022.02.17 05:56:06;1.13423;;0.51;79.56
2022.02.16 10:00:00;Sell;0.15;EURUSD;1.1374900000000001;2022.02.17 05:56:06;1.13423;;0.45;48.9
2022.02.15 19:00:00;Sell;0.13;EURUSD;1.13617;2022.02.17 05:56:06;1.13423;;0.52;25.22
2022.02.15 16:00:00;Sell;0.11;EURUSD;1.1354899999999999;2022.02.17 05:56:06;1.13423;;0.44;13.86
2022.02.15 11:00:00;Sell;0.09;EURUSD;1.1345399999999999;2022.02.17 05:56:06;1.13423;;0.36;2.79
2022.02.15 05:00:00;Sell;0.07;EURUSD;1.13181;2022.02.17 05:56:06;1.13423;;0.28;-16.94
2022.02.15 03:00:00;Sell;0.05;EURUSD;1.13111;2022.02.17 05:56:06;1.13423;;0.2;-15.6
2022.02.15 01:00:00;Sell;0.03;EURUSD;1.1304;2022.02.17 05:56:06;1.13423;;0.12;-11.49
2022.02.14 22:01:01;Sell;0.01;EURUSD;1.12981;2022.02.17 05:56:06;1.13423;;0.05;-4.42
2022.02.16 16:00:16;Buy;0.05;EURUSD;1.13618;2022.02.16 18:59:18;1.13803;;;9.25
2022.02.16 15:00:00;Buy;0.03;EURUSD;1.13665;2022.02.16 18:59:18;1.13803;;;4.14
2022.02.16 11:09:49;Buy;0.01;EURUSD;1.13788;2022.02.16 18:59:18;1.13803;;;0.15
2022.02.14 19:52:32;Sell;0.01;EURUSD;1.13101;2022.02.14 21:21:51;1.1287099999999999;;;2.3
2022.02.14 15:00:00;Sell;0.03;EURUSD;1.1327099999999999;2022.02.14 16:01:53;1.13108;;;4.89
2022.02.14 14:39:36;Sell;0.01;EURUSD;1.13219;2022.02.14 16:01:53;1.13108;;;1.11
2022.02.14 02:00:00;Sell;0.03;EURUSD;1.13638;2022.02.14 04:21:46;1.13455;;;5.49
2022.02.11 23:29:19;Sell;0.01;EURUSD;1.13504;2022.02.14 04:21:46;1.13455;;0.01;0.49
2022.02.11 18:19:40;Sell;0.01;EURUSD;1.14047;2022.02.11 20:36:36;1.13817;;;2.3
2022.02.11 15:00:00;Sell;0.09;EURUSD;1.14056;2022.02.11 16:38:47;1.13821;;;21.15
2022.02.11 13:00:00;Sell;0.07;EURUSD;1.13973;2022.02.11 16:38:47;1.13821;;;10.64
2022.02.11 11:00:00;Sell;0.05;EURUSD;1.13924;2022.02.11 16:38:47;1.13821;;;5.15
2022.02.11 10:00:10;Sell;0.03;EURUSD;1.13847;2022.02.11 16:38:47;1.13821;;;0.78
2022.02.11 09:29:34;Sell;0.01;EURUSD;1.13808;2022.02.11 16:38:47;1.13821;;;-0.13
2022.02.11 09:00:00;Buy;0.17;EURUSD;1.1377;2022.02.11 14:26:48;1.1414;;;62.9
2022.02.11 07:00:00;Buy;0.15;EURUSD;1.13819;2022.02.11 14:26:48;1.1414;;;48.15
2022.02.11 06:00:00;Buy;0.13;EURUSD;1.13937;2022.02.11 14:26:48;1.1414;;;26.39
2022.02.11 03:00:00;Buy;0.11;EURUSD;1.1400000000000001;2022.02.11 14:26:48;1.1414;;;15.4
2022.02.11 02:00:00;Buy;0.09;EURUSD;1.14121;2022.02.11 14:26:48;1.1414;;;1.71
2022.02.11 01:00:24;Buy;0.07;EURUSD;1.14266;2022.02.11 14:26:48;1.1414;;;-8.82
2022.02.10 23:00:00;Buy;0.05;EURUSD;1.14321;2022.02.11 14:26:48;1.1414;;-0.38;-9.05
2022.02.10 22:00:00;Buy;0.03;EURUSD;1.14501;2022.02.11 14:26:48;1.1414;;-0.23;-10.83
2022.02.10 19:45:52;Buy;0.01;EURUSD;1.14594;2022.02.11 14:26:48;1.1414;;-0.08;-4.54
2022.02.11 03:43:06;Sell;0.01;EURUSD;1.14033;2022.02.11 06:32:08;1.13803;;;2.3
2022.02.10 19:00:00;Sell;0.07;EURUSD;1.14881;2022.02.10 22:33:07;1.14455;;;29.82
2022.02.10 18:00:00;Sell;0.05;EURUSD;1.14665;2022.02.10 22:33:07;1.14455;;;10.5
2022.02.10 17:00:00;Sell;0.03;EURUSD;1.1407;2022.02.10 22:33:07;1.14455;;;-11.55
2022.02.10 16:37:24;Sell;0.01;EURUSD;1.13975;2022.02.10 22:33:07;1.14455;;;-4.8
2022.02.09 04:24:44;Sell;0.01;EURUSD;1.1428099999999999;2022.02.09 09:56:56;1.14051;;;2.3
2022.02.04 16:00:00;Buy;0.03;EURUSD;1.1437;2022.02.04 16:14:11;1.14558;;;5.64
2022.02.04 15:30:03;Buy;0.01;EURUSD;1.14523;2022.02.04 16:14:11;1.14558;;;0.35
2022.02.03 14:46:16;Buy;0.01;EURUSD;1.1277300000000001;2022.02.03 15:37:28;1.13003;;;2.3
2022.01.31 12:00:18;Sell;0.09;EURUSD;1.11745;2022.01.31 14:17:46;1.11536;;;18.81
2022.01.31 10:00:00;Sell;0.07;EURUSD;1.11704;2022.01.31 14:17:46;1.11536;;;11.76
2022.01.31 08:00:00;Sell;0.05;EURUSD;1.11643;2022.01.31 14:17:46;1.11536;;;5.35
2022.01.31 05:00:00;Sell;0.03;EURUSD;1.11586;2022.01.31 14:17:46;1.11536;;;1.5
2022.01.31 03:53:29;Sell;0.01;EURUSD;1.11534;2022.01.31 14:17:46;1.11536;;;-0.02
2022.01.28 18:00:00;Sell;0.03;EURUSD;1.1164;2022.01.28 21:11:37;1.11476;;;4.92
2022.01.28 17:47:56;Sell;0.01;EURUSD;1.11584;2022.01.28 21:11:37;1.11476;;;1.08
2022.01.28 16:00:00;Sell;0.03;EURUSD;1.11674;2022.01.28 16:20:17;1.11454;;;6.6
2022.01.28 12:39:04;Sell;0.01;EURUSD;1.11393;2022.01.28 16:20:17;1.11454;;;-0.61
2022.01.27 18:03:57;Sell;0.01;EURUSD;1.11567;2022.01.28 09:21:25;1.11337;;0.01;2.3
2022.01.27 17:00:00;Sell;0.03;EURUSD;1.11596;2022.01.27 17:30:52;1.11437;;;4.77
2022.01.27 16:38:09;Sell;0.01;EURUSD;1.11558;2022.01.27 17:30:52;1.11437;;;1.21
2022.01.26 21:00:13;Sell;0.05;EURUSD;1.12941;2022.01.26 21:05:01;1.12763;;;8.9
2022.01.26 20:00:49;Sell;0.03;EURUSD;1.12888;2022.01.26 21:05:01;1.12763;;;3.75
2022.01.26 14:48:10;Sell;0.01;EURUSD;1.12845;2022.01.26 21:05:01;1.12763;;;0.82
2022.01.25 22:00:00;Sell;0.09;EURUSD;1.13029;2022.01.26 12:36:03;1.12796;;0.09;20.97
2022.01.25 21:00:01;Sell;0.07;EURUSD;1.1296;2022.01.26 12:36:03;1.12796;;0.07;11.48
2022.01.25 20:00:06;Sell;0.05;EURUSD;1.12876;2022.01.26 12:36:03;1.12796;;0.05;4
2022.01.25 19:00:00;Sell;0.03;EURUSD;1.12836;2022.01.26 12:36:03;1.12796;;0.03;1.2
2022.01.25 16:46:33;Sell;0.01;EURUSD;1.1278;2022.01.26 12:36:03;1.12796;;0.01;-0.16
2022.01.24 20:00:00;Sell;0.05;EURUSD;1.13275;2022.01.25 09:59:14;1.13032;;0.05;12.15
2022.01.24 18:00:00;Sell;0.03;EURUSD;1.13081;2022.01.25 09:59:14;1.13032;;0.03;1.47
2022.01.24 16:10:56;Sell;0.01;EURUSD;1.13024;2022.01.25 09:59:14;1.13032;;0.01;-0.08
2022.01.21 16:00:00;Sell;0.07;EURUSD;1.13494;2022.01.24 07:54:51;1.13259;;0.07;16.45
2022.01.21 12:00:00;Sell;0.05;EURUSD;1.13382;2022.01.24 07:54:51;1.13259;;0.05;6.15
2022.01.21 05:00:00;Sell;0.03;EURUSD;1.13338;2022.01.24 07:54:51;1.13259;;0.03;2.37
2022.01.21 02:02:10;Sell;0.01;EURUSD;1.13158;2022.01.24 07:54:51;1.13259;;0.01;-1.01
2022.01.20 16:00:00;Sell;0.03;EURUSD;1.13508;2022.01.20 16:50:25;1.13335;;;5.19
2022.01.20 15:24:12;Sell;0.01;EURUSD;1.13415;2022.01.20 16:50:25;1.13335;;;0.8
2022.01.20 04:00:00;Sell;0.03;EURUSD;1.13594;2022.01.20 13:13:01;1.13415;;;5.37
2022.01.19 18:01:40;Sell;0.01;EURUSD;1.13479;2022.01.20 13:13:01;1.13415;;0.03;0.64
2022.01.19 12:36:05;Balance;;;;;;;;2500
